<?xml version="1.0"?>
<opencv_storage>
<calibration_Time>"Sun Jul  7 18:43:05 2019"</calibration_Time>
<nrOfFrames>50</nrOfFrames>
<image_Width>640</image_Width>
<image_Height>480</image_Height>
<board_Width>9</board_Width>
<board_Height>6</board_Height>
<square_Size>23.</square_Size>
<FixAspectRatio>1.</FixAspectRatio>
<flagValue>14</flagValue>
<Camera_Matrix type_id="opencv-matrix">
  <rows>3</rows>
  <cols>3</cols>
  <dt>d</dt>
  <data>
    6.8687898237481488e+02 0. 320. 0. 6.8687898237481488e+02 240. 0. 0.
    1.</data></Camera_Matrix>
<Distortion_Coefficients type_id="opencv-matrix">
  <rows>5</rows>
  <cols>1</cols>
  <dt>d</dt>
  <data>
    3.5163823019739215e-01 -5.5890935106006356e-01 0. 0.
    -7.7165997368034489e+00</data></Distortion_Coefficients>
<Avg_Reprojection_Error>1.2910008045633117e+00</Avg_Reprojection_Error>
<Per_View_Reprojection_Errors type_id="opencv-matrix">
  <rows>50</rows>
  <cols>1</cols>
  <dt>f</dt>
  <data>
    1.41604626e+00 2.58642769e+00 1.70818949e+00 1.20496309e+00
    2.45573020e+00 9.56852853e-01 7.70399928e-01 1.09363246e+00
    1.68146265e+00 9.54504609e-01 1.17027259e+00 1.26300824e+00
    1.16917002e+00 1.06500661e+00 1.01359570e+00 7.80653238e-01
    7.86517382e-01 1.23105848e+00 6.25418246e-01 7.10797071e-01
    6.78413987e-01 8.17632496e-01 7.61671960e-01 7.02503562e-01
    9.57305610e-01 7.97996223e-01 7.04424918e-01 1.01433945e+00
    1.14699590e+00 9.65084493e-01 1.27360868e+00 1.50331998e+00
    1.36604059e+00 1.49218178e+00 1.88219750e+00 1.65845037e+00
    1.60974479e+00 1.48126042e+00 1.32296228e+00 1.27426946e+00
    1.28043318e+00 1.29048193e+00 1.28590000e+00 1.47114253e+00
    1.28779674e+00 1.10561728e+00 1.53297818e+00 1.28390634e+00
    1.58973873e+00 1.08536208e+00</data></Per_View_Reprojection_Errors>
<Extrinsic_Parameters type_id="opencv-matrix">
  <rows>50</rows>
  <cols>6</cols>
  <dt>d</dt>
  <data>
    -7.3221851309670472e-01 -7.8091157258285457e-02
    -2.1142239686650854e+00 5.0208461623065306e+00
    4.8956328057641429e+01 7.7562251512151784e+02
    -4.4314830274710165e-01 -5.1179793893962866e-01
    -2.8091145300819576e+00 3.1228670576868723e+01
    -5.4715297304664174e+00 6.8915339768291028e+02
    -5.4911865229591428e-01 -4.3721222412693722e-01
    -2.7038534225258890e+00 4.8263216729608395e+01
    6.1405142145902580e+00 6.5066283456391693e+02
    -5.0232611230914104e-01 -4.7214274283987162e-01
    -2.7092435376346966e+00 4.9116847073410668e+01
    4.2476918702493789e+00 6.3992496658095149e+02
    -4.7274153822048287e-01 -5.0285623513907707e-01
    -2.7481686174012414e+00 5.6887705103223858e+01
    -3.9920086895165824e-01 6.1814418608915321e+02
    -4.8997793000209938e-01 -4.0379077627139021e-01
    -2.8336252959227832e+00 6.9172252170759791e+01
    -3.1234984659785769e-01 6.2449939477290923e+02
    -4.5795714861551062e-01 -3.5171243282224762e-01
    -2.9054701037300390e+00 8.1050304450031931e+01
    1.1715278541488130e+00 6.3123193794520205e+02
    -3.8656871905325002e-01 -3.4988967886471645e-01
    -2.9424402504397080e+00 8.5508743424191067e+01
    5.3770062623318857e+00 6.2806384537773522e+02
    -2.7469573948610582e-01 -4.0525200895965546e-01
    -2.9888651025171562e+00 9.5483328756764791e+01
    7.0935786089899855e+00 6.3201157985075849e+02
    -1.3033278126666012e-01 -4.9164302789786735e-01
    -3.0304345600328313e+00 1.0702627540228578e+02
    2.3039540982940592e+00 6.4314340225316209e+02
    -3.5013788667229748e-02 -5.6292863908906821e-01
    -3.0508558500047220e+00 1.1235111863844473e+02
    -4.1723974008703296e-01 6.4560655027587904e+02
    -2.4722625172212839e-02 -5.0921932874882492e-01
    -3.0914108351447682e+00 1.1598829802762101e+02
    -1.0545530113522752e+00 6.4519692188395732e+02
    -7.9410486070616848e-03 4.0978316294060096e-01
    3.0534871469048985e+00 1.3536311718398485e+02
    -5.3740797988334368e+00 6.5627631246418377e+02
    -1.1183088633194693e-01 4.7056732257486483e-01
    2.9797513664912798e+00 1.5516453003887634e+02
    -8.3699454187658358e+00 6.6160610563277373e+02
    -2.2237017821286478e-01 5.5674264027268727e-01
    2.9090144775121236e+00 1.7065818010857669e+02
    -5.3579184795196708e+00 6.6443827818492639e+02
    -2.1841597201100679e-01 4.0576405953847799e-01
    2.8740121673148491e+00 1.8432031516246278e+02
    -1.0549806173229630e+00 6.6633456838544430e+02
    -2.0362042670812633e-01 2.3939084217500914e-01
    2.8282536787787849e+00 1.9815894620314248e+02 5.1016679429329903e-01
    6.6679434874005756e+02 -2.4154870234054140e-01
    2.8722529538576613e-01 2.7500836585516439e+00 2.1335931868430814e+02
    8.2890587756409817e-01 6.6498887762902518e+02
    -2.6386930762969235e-01 4.6186806495883304e-01
    2.6338306041786401e+00 2.2533898768294594e+02 6.3812703737967711e+00
    6.5958338729725801e+02 -2.5735133545891814e-01
    5.1288395730034897e-01 2.5878191210502890e+00 2.3003144908769264e+02
    1.0262227398160952e+01 6.5585857863269666e+02
    -2.1893923699344522e-01 4.9414726646269885e-01
    2.5517846091264267e+00 2.3869422798264316e+02 1.4273547393811995e+01
    6.5313666025771818e+02 -2.3636505847737474e-01
    5.9117841776072411e-01 2.4868143253287784e+00 2.4159428887108191e+02
    1.2999616016564802e+01 6.5393900024031120e+02
    -2.4670576791944240e-01 6.2098485254784497e-01
    2.4328878542325216e+00 2.3971343821197641e+02 8.0469482601186755e+00
    6.5591824748393367e+02 -2.1015995097125789e-01
    4.9274506953261810e-01 2.4357248343498510e+00 2.3643858686698493e+02
    -5.4216005412954678e+00 6.5963679775894752e+02
    -2.0191604759609544e-01 5.2098197620817743e-01
    2.4092385138705490e+00 2.3209681195152589e+02
    -1.9468581481751304e+01 6.6452622058770805e+02
    -1.9467873285038764e-01 5.1381023404133186e-01
    2.3968706197886425e+00 2.2775325042267448e+02
    -2.9510793562582933e+01 6.7007025557773795e+02
    -1.6036598624326115e-01 4.2210990507785562e-01
    2.3905435667743453e+00 2.2515528786392628e+02
    -3.9928786664005244e+01 6.7255624595598033e+02
    -1.6928850709513987e-01 4.5742053201605137e-01
    2.3284913450102356e+00 2.2478515242266644e+02
    -5.0849888410455847e+01 6.7905498254379938e+02
    -2.2640152401885685e-01 5.6499231883242551e-01
    2.1690859035201888e+00 2.1913538027973021e+02
    -6.9234001503360602e+01 6.8603862812783234e+02
    -2.6616182416448997e-01 5.0599539931634918e-01
    2.0684040057884774e+00 2.1117962873441289e+02
    -8.3415517817272047e+01 6.8761120072039898e+02
    -3.1770933166012294e-01 4.0716754074789085e-01
    1.9258540266568134e+00 2.0082395659720640e+02
    -9.7369585940166544e+01 6.8836402563689921e+02
    -2.9480234443028275e-01 4.5854257630742257e-01
    1.7079126580756738e+00 1.8210631097794342e+02
    -1.0276381247502911e+02 6.8866749548122357e+02
    -3.1609731357169080e-01 3.6389746594629230e-01
    1.5693471359355711e+00 1.5793256425125981e+02
    -1.0368892303758611e+02 6.8737989453901264e+02
    -3.9550359005623908e-01 1.9590383856599436e-01
    1.4771703324525121e+00 1.3127191146873329e+02
    -1.0855937392678818e+02 6.8269297536636304e+02
    -4.2426509749683228e-01 1.4062413539717525e-01
    1.4112286108313470e+00 1.1295067402465288e+02
    -1.0878320695098724e+02 6.7714853670683226e+02
    -4.0364560162857377e-01 1.6978319704398090e-01
    1.3177949641578135e+00 9.6840483358925368e+01
    -1.1131246257294225e+02 6.7617592110541489e+02
    -3.7732646949894150e-01 1.7960658496676807e-01
    1.2245793401889362e+00 7.9000848096379499e+01
    -1.1683488383728321e+02 6.7591534997491067e+02
    -3.4213318812086518e-01 2.0201499637015879e-01
    1.1302573367559139e+00 5.7092453729084653e+01
    -1.1909997389141267e+02 6.7559638688053656e+02
    -3.1099947682814633e-01 2.7378437205608097e-01
    1.0303148988572715e+00 3.4374159583216503e+01
    -1.1829706408882069e+02 6.7420044930790402e+02
    -2.9115803145059194e-01 3.0490095172589471e-01
    9.6747903097324950e-01 1.6494784525515595e+01
    -1.1776556442613834e+02 6.7290765657635404e+02
