<?xml version="1.0"?>
<opencv_storage>
<calibration_Time>"Sun Jul  7 00:04:34 2019"</calibration_Time>
<nrOfFrames>25</nrOfFrames>
<image_Width>640</image_Width>
<image_Height>480</image_Height>
<board_Width>9</board_Width>
<board_Height>6</board_Height>
<square_Size>23.</square_Size>
<FixAspectRatio>1.</FixAspectRatio>
<flagValue>14</flagValue>
<Camera_Matrix type_id="opencv-matrix">
  <rows>3</rows>
  <cols>3</cols>
  <dt>d</dt>
  <data>
    5.0650592657568615e+02 0. 320. 0. 5.0650592657568615e+02 240. 0. 0.
    1.</data></Camera_Matrix>
<Distortion_Coefficients type_id="opencv-matrix">
  <rows>5</rows>
  <cols>1</cols>
  <dt>d</dt>
  <data>
    9.6942457441893795e-02 -4.9519935540697295e+00 0. 0.
    5.9874465886036269e+01</data></Distortion_Coefficients>
<Avg_Reprojection_Error>1.0660489287675265e+00</Avg_Reprojection_Error>
<Per_View_Reprojection_Errors type_id="opencv-matrix">
  <rows>25</rows>
  <cols>1</cols>
  <dt>f</dt>
  <data>
    1.10686982e+00 1.40308845e+00 1.22286546e+00 6.63077891e-01
    9.03963566e-01 9.80120659e-01 5.25543809e-01 7.88236558e-01
    7.45973110e-01 7.26892471e-01 5.95883608e-01 6.34764314e-01
    5.72219431e-01 5.92454791e-01 6.18377447e-01 6.70582891e-01
    9.29087043e-01 1.01123679e+00 1.18094802e+00 1.37428355e+00
    2.17484283e+00 1.22211301e+00 1.19461274e+00 1.25810933e+00
    1.68861496e+00</data></Per_View_Reprojection_Errors>
<Extrinsic_Parameters type_id="opencv-matrix">
  <rows>25</rows>
  <cols>6</cols>
  <dt>d</dt>
  <data>
    -3.7322968952325103e-01 -1.5272291113804551e-01
    4.0769274883041717e-02 -6.3732112971809130e+01
    -5.2380411549192672e+01 5.2043040391047043e+02
    -4.1186845698345054e-01 -1.1301547966317713e-01
    5.1420741842271675e-02 -6.5324763000143079e+01
    -4.8307529450238803e+01 5.3040842150582807e+02
    -3.6286595842749547e-01 -1.2196896143960531e-01
    5.3757069297725155e-02 -6.2842701765197404e+01
    -5.1783393621011676e+01 5.2729866279211035e+02
    -2.6133402475510270e-01 -1.6550384865018133e-01
    3.0696140699930857e-02 -5.7315104380235347e+01
    -5.5831909390132481e+01 5.1442513723406012e+02
    -2.7058329597062192e-01 -2.0169109646968120e-01
    -2.5752431139771759e-01 -6.5038321218671555e+01
    -3.8397953001484481e+01 5.2301835925066348e+02
    4.9831991397844021e-02 -3.0629979332013924e-01
    -1.2064965909172207e+00 -6.7195188540629047e+01
    4.1013991621534409e+01 5.0877721761847789e+02
    -7.2632858238041345e-02 -1.6453546490037502e-01
    -1.3095382267296456e+00 -7.8931120098121170e+01
    5.6233514823764992e+01 5.4810091864470689e+02 4.9173932819067442e-02
    -1.6996834502714081e-01 -1.4377048107264421e+00
    -6.8377424112587079e+01 7.6267995622912295e+01
    5.7628103049649110e+02 -5.6458909557748104e-04
    -2.2258072761995951e-01 -1.6309665378025331e+00
    -4.9266099142432921e+01 9.2682888090228957e+01
    5.6480602541129497e+02 4.4966309858786850e-02
    -3.5090812054334569e-01 -1.7645270773196768e+00
    -3.3193131254195791e+01 9.3449328705934732e+01
    5.4861000098510374e+02 5.1234048611448126e-02
    -3.0530817422162498e-01 -1.9228154377080029e+00
    -1.8983177119734517e+01 9.6595412805518521e+01
    5.5256098694060086e+02 5.9247717696285222e-02
    -2.9354498042464700e-01 -2.1055777032962579e+00
    -1.3108098910724679e+00 9.6106683571721987e+01
    5.5378426518350159e+02 7.4572085193892357e-02
    -3.3212617121949356e-01 -2.2461533915871783e+00
    1.1631092561759818e+01 9.3338650548209728e+01 5.5481307763230257e+02
    2.4170923222836477e-01 -1.8478972763691706e-01
    -2.5273807707828362e+00 3.2284742412536517e+01
    8.1429422733169545e+01 5.8232549224675472e+02 2.5415012099921369e-01
    1.3791503624075863e-01 -2.6879970561974469e+00
    4.3111853566896841e+01 8.7311775867142231e+01 6.0777787840536212e+02
    2.2666345808112034e-01 1.7508790646261543e-01
    -2.7943850989456109e+00 5.0751795596189460e+01
    9.3734713101002257e+01 6.1036721317678519e+02 2.7290829615360279e-01
    1.9860762196335374e-01 -2.8261622299408620e+00
    4.7683391252915392e+01 9.4868625781039327e+01 6.1200385410497313e+02
    3.1211103947101576e-01 3.0305802233139978e-01
    -2.8730044696242434e+00 4.6447947842319408e+01
    9.2077598785640262e+01 6.1374459492032622e+02 3.6206147388039400e-01
    4.2821236902508497e-01 -2.9457314919882784e+00
    4.7772838803789114e+01 8.7930258231392230e+01 6.1775856937644232e+02
    4.4067332090966799e-01 5.3388875811432523e-01
    -3.0036831659433649e+00 4.7436022154620801e+01
    8.6964204214518645e+01 6.2235245390971170e+02
    -4.1101129257486591e-01 -5.5268016319781010e-01
    2.9983861566580909e+00 5.4657411809953025e+01 1.0446343013107065e+02
    6.2543165515795795e+02 4.3921093143527462e-01 4.6444109166445913e-01
    -3.0579714075876279e+00 5.1577972488024947e+01
    1.0837501367230101e+02 6.2809405206457768e+02 3.9335425679274733e-01
    3.8530552087279524e-01 -3.0701799540887826e+00
    5.0987093572917708e+01 1.0845973229427976e+02 6.2666692443281204e+02
    3.5782722731527866e-01 3.1719935349774259e-01
    -3.0670451521030828e+00 4.8246220086989808e+01
    1.1017712800052813e+02 6.2606074040623650e+02 2.9457445983041543e-02
    -4.0022706883729098e-01 -2.9930577705471371e+00
    3.9629739549385825e+01 1.1221268891971688e+02 5.8318799282820351e+02</data></Extrinsic_Parameters>
