<?xml version="1.0"?>
<opencv_storage>
<calibration_Time>"Fri Jul  5 19:52:13 2019"</calibration_Time>
<nrOfFrames>25</nrOfFrames>
<image_Width>640</image_Width>
<image_Height>480</image_Height>
<board_Width>9</board_Width>
<board_Height>6</board_Height>
<square_Size>50.</square_Size>
<FixAspectRatio>1.</FixAspectRatio>
<flagValue>14</flagValue>
<Camera_Matrix type_id="opencv-matrix">
  <rows>3</rows>
  <cols>3</cols>
  <dt>d</dt>
  <data>
    5.5715367530642982e+02 0. 320. 0. 5.5715367530642982e+02 240. 0. 0.
    1.</data></Camera_Matrix>
<Distortion_Coefficients type_id="opencv-matrix">
  <rows>5</rows>
  <cols>1</cols>
  <dt>d</dt>
  <data>
    -4.6994847367516496e-02 -1.7922553870146154e-02 0. 0.
    6.4818754143074211e-02</data></Distortion_Coefficients>
<Avg_Reprojection_Error>2.5497117788823354e-01</Avg_Reprojection_Error>
<Per_View_Reprojection_Errors type_id="opencv-matrix">
  <rows>25</rows>
  <cols>1</cols>
  <dt>f</dt>
  <data>
    2.83516288e-01 2.67825246e-01 2.55978167e-01 2.65325129e-01
    2.56525189e-01 2.64576316e-01 2.54939884e-01 2.47981668e-01
    2.55137116e-01 2.55297333e-01 2.53660232e-01 2.48934314e-01
    2.50267535e-01 2.43458658e-01 2.56131977e-01 2.50492454e-01
    2.45300502e-01 2.44171813e-01 2.50423759e-01 2.52008110e-01
    2.54673332e-01 2.62643456e-01 2.47327313e-01 2.47959331e-01
    2.56089449e-01</data></Per_View_Reprojection_Errors>
<Extrinsic_Parameters type_id="opencv-matrix">
  <rows>25</rows>
  <cols>6</cols>
  <dt>d</dt>
  <data>
    -3.8905598006021763e-01 -7.8079593495224542e-01
    -2.8521503308171674e+00 5.0536069547320312e+02
    2.0532124484206565e+02 1.1270423847418949e+03
    -4.0367654915503653e-01 -7.5945916419605919e-01
    -2.8600504220761458e+00 5.0402579962538817e+02
    2.0565598944917275e+02 1.1280378900119913e+03
    -4.3441478238689846e-01 -6.8967103873268609e-01
    -2.8870875201267965e+00 5.0036568180869699e+02
    2.0614699975921664e+02 1.1207119692349377e+03
    -4.2124658480248151e-01 -6.2822730590039932e-01
    -2.8962618536783236e+00 4.9896787732157452e+02
    2.0880020345095028e+02 1.1086455828785058e+03
    -4.6103042554058737e-01 -6.0886673794258372e-01
    -2.8847654568760803e+00 4.9124686494739905e+02
    2.0864258221442867e+02 1.0965325618894908e+03
    -4.4236556987457404e-01 -5.8367266315317656e-01
    -2.9007779743043178e+00 4.8895903078244299e+02
    2.1029544783703130e+02 1.0937530673561459e+03
    -4.4715757202238399e-01 -5.7576898350043049e-01
    -2.8966945855923427e+00 4.9184621849768780e+02
    2.1128694067813569e+02 1.0905272945592030e+03
    -4.4935029880763572e-01 -5.6870675225097811e-01
    -2.8860929110362794e+00 4.9476743808514658e+02
    2.1298715582561508e+02 1.0896694716062120e+03
    -4.4607555320290782e-01 -5.7442197488084312e-01
    -2.8876740607037168e+00 4.9677897843095099e+02
    2.1291324832377211e+02 1.0910038218612990e+03
    -4.4863019641885826e-01 -5.7748076554916739e-01
    -2.8876206277654468e+00 4.9717109673498942e+02
    2.1241059490976687e+02 1.0912069350061784e+03
    -4.5653494556613372e-01 -5.8577104190156049e-01
    -2.8778929586729345e+00 4.9748622134570491e+02
    2.1309101208871041e+02 1.0900540687307659e+03
    -4.5763918931366171e-01 -5.7062079587901982e-01
    -2.8834108948637547e+00 4.9721531883806051e+02
    2.1395955264462728e+02 1.0891384613924245e+03
    -4.5523306380170020e-01 -5.6603741056264711e-01
    -2.8874705597869381e+00 4.9851195055883437e+02
    2.1402538536350590e+02 1.0899363040436369e+03
    -4.5618487159187526e-01 -5.7372361608690636e-01
    -2.8809929824145541e+00 4.9958296976122369e+02
    2.1496165197292260e+02 1.0909460765623260e+03
    -4.5822045293155572e-01 -5.7390095130985208e-01
    -2.8803870255175736e+00 5.0041584943488272e+02
    2.1520546793174947e+02 1.0914702872237124e+03
    -4.5372050957726967e-01 -5.6717879470550814e-01
    -2.8817952491322241e+00 5.0088888262566712e+02
    2.1612885150920391e+02 1.0911943501436576e+03
    -4.5572297963317215e-01 -5.6038770587986042e-01
    -2.8829924706306982e+00 5.0092703303726057e+02
    2.1627622371929988e+02 1.0891388618122139e+03
    -4.5653478071114689e-01 -5.6268025582512671e-01
    -2.8804711001495522e+00 5.0131874252356755e+02
    2.1663313220733286e+02 1.0894551612479497e+03
    -4.5378637183772191e-01 -5.6387033363220362e-01
    -2.8827314362221372e+00 5.0160733310026933e+02
    2.1652132678558007e+02 1.0903758770473476e+03
    -4.5398960597881166e-01 -5.6725053946768134e-01
    -2.8794249188069831e+00 5.0209160259904172e+02
    2.1691257339616141e+02 1.0902880530291109e+03
    -4.5716429485877630e-01 -5.6633028453432910e-01
    -2.8773727638768358e+00 5.0314151308304662e+02
    2.1732620314415317e+02 1.0901024131863419e+03
    -4.5907507268445330e-01 -5.6873543486388478e-01
    -2.8754264873313855e+00 5.0324511266514452e+02
    2.1749290973136769e+02 1.0898253609090170e+03
    -4.5973712884946039e-01 -5.6679016527672610e-01
    -2.8755085783861105e+00 5.0334396738206902e+02
    2.1767569276638602e+02 1.0888612338992095e+03
    -4.5644894767853350e-01 -5.6328701361412348e-01
    -2.8758865568615524e+00 5.0383314947869502e+02
    2.1805717547814228e+02 1.0894453773705500e+03
    -4.5608929193564052e-01 -5.6280629832392892e-01
    -2.8763293363223226e+00 5.0403458865761291e+02
    2.1823407238163443e+02 1.0898936336420977e+03</data></Extrinsic_Parameters>
