<?xml version="1.0"?>
<opencv_storage>
<calibration_Time>"Sat Jul  6 19:04:57 2019"</calibration_Time>
<nrOfFrames>25</nrOfFrames>
<image_Width>640</image_Width>
<image_Height>480</image_Height>
<board_Width>9</board_Width>
<board_Height>6</board_Height>
<square_Size>23.</square_Size>
<FixAspectRatio>1.</FixAspectRatio>
<flagValue>14</flagValue>
<Camera_Matrix type_id="opencv-matrix">
  <rows>3</rows>
  <cols>3</cols>
  <dt>d</dt>
  <data>
    5.7737875942614289e+02 0. 320. 0. 5.7737875942614289e+02 240. 0. 0.
    1.</data></Camera_Matrix>
<Distortion_Coefficients type_id="opencv-matrix">
  <rows>5</rows>
  <cols>1</cols>
  <dt>d</dt>
  <data>
    2.3607264426014007e-01 -3.4948050056328093e+00 0. 0.
    8.8344826909921021e+00</data></Distortion_Coefficients>
<Avg_Reprojection_Error>1.2949815409572465e+00</Avg_Reprojection_Error>
<Per_View_Reprojection_Errors type_id="opencv-matrix">
  <rows>25</rows>
  <cols>1</cols>
  <dt>f</dt>
  <data>
    3.20717669e+00 1.44427454e+00 1.09412801e+00 7.14749992e-01
    8.93899918e-01 7.85681725e-01 8.60175312e-01 7.77222574e-01
    7.62740374e-01 7.91036069e-01 1.03699708e+00 7.28729069e-01
    1.32202709e+00 1.39196289e+00 1.68598795e+00 1.33101797e+00
    1.49069500e+00 1.28785682e+00 8.96997988e-01 9.54877853e-01
    1.30818307e+00 2.16694570e+00 8.64557207e-01 9.55356658e-01
    5.53623140e-01</data></Per_View_Reprojection_Errors>
<Extrinsic_Parameters type_id="opencv-matrix">
  <rows>25</rows>
  <cols>6</cols>
  <dt>d</dt>
  <data>
    5.4315616425965341e-01 -4.7319381736590510e-01
    -3.1036015370395824e+00 2.4240687195937903e+02
    5.7518301391743186e+01 4.8509288534168320e+02
    -3.0151153226947780e-01 2.7102321560678699e-01
    1.5014191325488158e+00 1.3277678714228028e+02
    -1.0901448635000658e+02 5.3606458574458964e+02
    -2.8845750248875468e-01 1.6142612826222819e-01
    1.4083966047126415e+00 1.1789143344858380e+02
    -1.1013944125851131e+02 5.2771436361292774e+02
    -2.6041604182933381e-01 2.4032018070213201e-01
    1.2958582832399199e+00 1.0275152616168488e+02
    -1.1173029603679150e+02 5.2089652521455241e+02
    -2.1911846005690933e-01 3.8165572032056871e-01
    1.0739344303969327e+00 7.9745382666573278e+01
    -1.1263478140703511e+02 5.2221908243399082e+02
    -3.0363401191710726e-01 2.5565223622403993e-01
    9.6121835738096673e-01 6.2287464105742743e+01
    -1.1071891873089216e+02 5.2676049067098404e+02
    -3.4239422349317600e-01 1.6432865545091843e-01
    8.1761994026427931e-01 4.2713774305118811e+01
    -1.0787482586660651e+02 5.2702739706557634e+02
    -3.2062662778379791e-01 1.3235943027104069e-01
    6.7322975559332021e-01 2.3417481612891279e+01
    -1.0621079758011177e+02 5.2609658809211965e+02
    -2.5042085539915870e-01 1.6493555358001022e-01
    5.3655090908494485e-01 5.2760291868204163e+00
    -1.0608389516558199e+02 5.2111235772200052e+02
    -2.2598269894751746e-01 1.3328780999686560e-01
    3.5521538391443941e-01 -1.7753320953680529e+01
    -1.0027833363018144e+02 5.1578068933461384e+02
    -2.4547412996456669e-01 9.0438325895164429e-02
    2.1305156920663523e-01 -3.3265430447002608e+01
    -8.6316937130077164e+01 5.1198153399820671e+02
    -2.0406841973697087e-01 7.1374822666557258e-02
    7.9409355468113674e-02 -4.6578004736356718e+01
    -6.9648654923397913e+01 5.0544166508342192e+02
    -1.8018869065306856e-01 8.9716031438360697e-03
    -1.4885244299242828e-01 -6.7583803329477206e+01
    -3.5074354673190001e+01 4.8556623509541168e+02
    -2.6004973363733824e-01 -5.2646523004032636e-02
    -2.1093936760829088e-01 -7.1931242810743029e+01
    -2.0303103322807505e+01 4.7911732170680096e+02
    -2.6468782073464159e-01 -6.5678743849832466e-02
    -2.6081706340070104e-01 -7.3495360664924334e+01
    -9.5773811893794321e+00 4.7642395333412890e+02
    -1.7317521594411664e-01 -6.2890254335165097e-02
    -2.8631291308866291e-01 -7.3060370646108780e+01
    -3.2546618759762174e+00 4.7067905351280871e+02
    -1.3989754541793667e-01 -4.3136631300620169e-02
    -2.3995603040865365e-01 -7.0490853422257857e+01
    -4.8424079468925942e+00 4.7394799118964977e+02
    -1.6960984662288334e-01 -1.0044212393027423e-02
    -5.2762460586022394e-02 -6.1191153008996203e+01
    -2.3263255649666313e+01 4.8109353172221603e+02
    -2.3748076655691563e-01 5.6018763173248630e-03
    1.3607621086158714e-01 -4.5338866710443043e+01
    -4.2970944558205609e+01 4.8646138904045893e+02
    -3.2449425047546337e-01 4.3962349452288246e-03
    3.3814931191175951e-01 -2.3548178309060440e+01
    -6.5991629175934165e+01 4.9026326266730655e+02
    -3.4777700891497104e-01 3.1130849806952160e-02
    7.2298786414365768e-01 1.8863427869561939e+01
    -1.0036429525275895e+02 4.9573694969564133e+02
    -4.5033339956028212e-01 -7.7990628504407258e-02
    9.2814267294278252e-01 3.7267388993157859e+01
    -1.0988143190856836e+02 5.0089030434749259e+02
    -4.9782989939733080e-01 -1.7645373879986220e-01
    1.3029827869678070e+00 7.8823310629107738e+01
    -1.0603903812134301e+02 5.0170747304391961e+02
    -4.0736470663258739e-01 -3.6379286823786626e-03
    1.5135238258891368e+00 1.0234065593927349e+02
    -8.9440958797370087e+01 4.9631997845696856e+02
    -3.7299242824553258e-01 3.7253197138546711e-02
    1.5942628750166823e+00 1.0958249001303786e+02
    -8.2548280200770620e+01 4.9400067656416121e+02</data></Extrinsic_Parameters>
